0 0.30322265625 0.3896484375 0.1845703125 0.28125
0 0.25244140625 0.76513671875 0.2783203125 0.1845703125
0 0.658203125 0.0986328125 0.31640625 0.166015625
0 0.5546875 0.79345703125 0.333984375 0.2021484375
0 0.171875 0.44384765625 0.18359375 0.3076171875
0 0.06103515625 0.35205078125 0.1044921875 0.1923828125
0 0.60546875 0.40673828125 0.232421875 0.2333984375
0 0.69921875 0.49658203125 0.337890625 0.1728515625
0 0.65478515625 0.90966796875 0.2255859375 0.1650390625
0 0.90234375 0.15869140625 0.1875 0.2861328125
0 0.32568359375 0.13818359375 0.3193359375 0.1767578125
0 0.56640625 0.2470703125 0.333984375 0.130859375
0 0.5244140625 0.64306640625 0.341796875 0.1279296875