0 0.5035714285714286 0.08952380952380952 0.09857142857142857 0.09904761904761905
0 0.12928571428571428 0.4523809523809524 0.11 0.14666666666666667
0 0.27785714285714286 0.13428571428571429 0.06142857142857143 0.06285714285714286
0 0.31357142857142856 0.7761904761904762 0.05857142857142857 0.05523809523809524
0 0.7971428571428572 0.10571428571428572 0.07714285714285714 0.10476190476190476
0 0.5328571428571428 0.6333333333333333 0.06571428571428571 0.08571428571428572
0 0.8914285714285715 0.6428571428571429 0.054285714285714284 0.05523809523809524
0 0.6471428571428571 0.7219047619047619 0.045714285714285714 0.02666666666666667
0 0.7071428571428572 0.9780952380952381 0.04857142857142857 0.03619047619047619
0 0.38857142857142857 0.31523809523809526 0.05142857142857143 0.024761904761904763
0 0.7071428571428572 0.2904761904761905 0.04857142857142857 0.03238095238095238