0 0.12333333333333334 0.7741433021806854 0.09111111111111111 0.09657320872274143
0 0.22444444444444445 0.7772585669781932 0.09333333333333334 0.09657320872274143
0 0.3188888888888889 0.8021806853582555 0.12222222222222222 0.09657320872274143
0 0.08444444444444445 0.661993769470405 0.057777777777777775 0.0529595015576324
0 0.17888888888888888 0.6697819314641744 0.07777777777777778 0.08099688473520249
0 0.26 0.6791277258566978 0.06666666666666667 0.08722741433021806
0 0.3511111111111111 0.6806853582554517 0.08 0.08411214953271028
0 0.45222222222222225 0.8130841121495327 0.09111111111111111 0.09345794392523364
0 0.5277777777777778 0.6978193146417445 0.1622222222222222 0.12461059190031153
0 0.5633333333333334 0.8161993769470405 0.09111111111111111 0.06853582554517133
0 0.9555555555555556 0.8473520249221184 0.08 0.11838006230529595
0 0.95 0.7118380062305296 0.07333333333333333 0.09034267912772585